BG202210896    202506   0              1010000001045          02/06/2025000124051      РЕГИОНАЛЕН ИСТОРИЧЕСКИ МУЗЕЙ Културен институт    Стоки                                  196.00          39.20         196.00          39.20           0.00           0.00           0.00           0.00           0.00           0.00           0.00           0.00           0.00           0.00           0.00           0.00           0.00  
BG202210896    202506   0              2011000000245          02/06/2025BG131170232    ВЕНС - 7 - С ООД                                  Стоки                                   65.00          13.00          65.00          13.00           0.00           0.00           0.00           0.00           0.00           0.00           0.00           0.00           0.00           0.00           0.00           0.00           0.00  
BG202210896    202506   0              3011000000246          02/06/2025BG175391891    ДЖЕЙ ПОЙНТ ПЛЮС ООД                               Стоки                                  102.00          20.40         102.00          20.40           0.00           0.00           0.00           0.00           0.00           0.00           0.00           0.00           0.00           0.00           0.00           0.00           0.00  
BG202210896    202506   0              4010000001046          04/06/2025BG000673210    НАЦИОНАЛЕН ИСТОРИЧЕСКИ МУЗЕЙ Музей, галерия       Стоки                                   48.00           9.60          48.00           9.60           0.00           0.00           0.00           0.00           0.00           0.00           0.00           0.00           0.00           0.00           0.00           0.00           0.00  
BG202210896    202506   0              5010000001047          06/06/2025BG147153250    "СЪМЪР ТАЙМ" ЕООД                                 Стоки                                   25.00           5.00          25.00           5.00           0.00           0.00           0.00           0.00           0.00           0.00           0.00           0.00           0.00           0.00           0.00           0.00           0.00  
BG202210896    202506   0              6010000001048          09/06/2025BG103761773    БИ.АЙ.ПИ. ООД                                     Стоки                                   20.00           4.00          20.00           4.00           0.00           0.00           0.00           0.00           0.00           0.00           0.00           0.00           0.00           0.00           0.00           0.00           0.00  
BG202210896    202506   0              7010000001049          11/06/2025113580230      ХУДОЖЕСТВЕНА ГАЛЕРИЯ - ПЕРНИК Културен институт   Стоки                                  160.25          32.05         160.25          32.05           0.00           0.00           0.00           0.00           0.00           0.00           0.00           0.00           0.00           0.00           0.00           0.00           0.00  
BG202210896    202506   0              8011000000247          12/06/2025BG205765419    АЛФА РЕСТ ЕООД                                    Стоки                                  125.00          25.00         125.00          25.00           0.00           0.00           0.00           0.00           0.00           0.00           0.00           0.00           0.00           0.00           0.00           0.00           0.00  
BG202210896    202506   0              9010000001050          16/06/2025000804108      РЕГИОНАЛЕН ИСТОРИЧЕСКИ МУЗЕЙ Културен институт    Стоки                                   75.17          15.03          75.17          15.03           0.00           0.00           0.00           0.00           0.00           0.00           0.00           0.00           0.00           0.00           0.00           0.00           0.00  
BG202210896    202506   0             10010000001051          16/06/2025114102692      РЕГИОНАЛЕН  ВОЕННОИСТОРИЧЕСКИ МУЗЕЙ - ПЛЕВЕН ЮридиПродукция                              766.67         153.33         766.67         153.33           0.00           0.00           0.00           0.00           0.00           0.00           0.00           0.00           0.00           0.00           0.00           0.00           0.00  
BG202210896    202506   0             11010000001052          24/06/2025BG000672293    НАЦИОНАЛНА БИБЛИОТЕКА "СВ.СВ.КИРИЛ И МЕТОДИЙ - СОФУслуги                                 150.00          30.00         150.00          30.00           0.00           0.00           0.00           0.00           0.00           0.00           0.00           0.00           0.00           0.00           0.00           0.00           0.00  
BG202210896    202506   0             12010000001053          24/06/2025BG000017149    ЮГОЗАПАДЕН УНИВЕРСИТЕТ "НЕОФИТ РИЛСКИ" Висше училиСтоки                                   43.50           8.70          43.50           8.70           0.00           0.00           0.00           0.00           0.00           0.00           0.00           0.00           0.00           0.00           0.00           0.00           0.00  
BG202210896    202506   0             13010000001054          24/06/2025000253007      ИСТОРИЧЕСКИ МУЗЕЙ-ДУПНИЦА Музей, галерия          Стоки                                 1689.17         337.83        1689.17         337.83           0.00           0.00           0.00           0.00           0.00           0.00           0.00           0.00           0.00           0.00           0.00           0.00           0.00  
BG202210896    202506   0             14010000001055          24/06/2025000582910      РЕГИОНАЛЕН ИСТОРИЧЕСКИ МУЗЕЙ - СЛИВЕН Културен инсСтоки                                 1063.33         212.67        1063.33         212.67           0.00           0.00           0.00           0.00           0.00           0.00           0.00           0.00           0.00           0.00           0.00           0.00           0.00  
BG202210896    202506   0             15011000000248          24/06/2025BG000264562    РИЛСКА СВ.ОБИТЕЛ - РИЛСКИ МАНАСТИР Религиозна оргаСтоки                                   83.00          16.60          83.00          16.60           0.00           0.00           0.00           0.00           0.00           0.00           0.00           0.00           0.00           0.00           0.00           0.00           0.00  
BG202210896    202506   0             16011000000249          24/06/2025206455932      МОЕТО НЕЩО ЕООД                                   Стоки                                   23.50           4.70          23.50           4.70           0.00           0.00           0.00           0.00           0.00           0.00           0.00           0.00           0.00           0.00           0.00           0.00           0.00  
BG202210896    202506   0             17010000001056          26/06/2025BG175443128    АДВОКАТСКО ДРУЖЕСТВО "ТОМОВ" Адвокатско дружество Услуги                                 433.99          86.80         433.99          86.80           0.00           0.00           0.00           0.00           0.00           0.00           0.00           0.00           0.00           0.00           0.00           0.00           0.00  
BG202210896    202506   0             18010000001057          26/06/2025208268387      БЛЯСЪЧКО 2025 ООД                                 Стоки                                   77.50          15.50          77.50          15.50           0.00           0.00           0.00           0.00           0.00           0.00           0.00           0.00           0.00           0.00           0.00           0.00           0.00  
BG202210896    202506   0             19011000000250          26/06/2025201396985      БИЛАЙТ СТУДИО ЕООД                                Стоки                                  221.00          44.20         221.00          44.20           0.00           0.00           0.00           0.00           0.00           0.00           0.00           0.00           0.00           0.00           0.00           0.00           0.00  
BG202210896    202506   0             20011000000251          26/06/2025BG000670716    НАЦИОНАЛНА ХУДОЖЕСТВЕНА АКАДЕМИЯ Висше училище    Стоки                                   88.50          17.70          88.50          17.70           0.00           0.00           0.00           0.00           0.00           0.00           0.00           0.00           0.00           0.00           0.00           0.00           0.00  
BG202210896    202506   0             21011000000252          27/06/2025BG205765419    АЛФА РЕСТ ЕООД                                    Стоки                                   65.00          13.00          65.00          13.00           0.00           0.00           0.00           0.00           0.00           0.00           0.00           0.00           0.00           0.00           0.00           0.00           0.00  
BG202210896    202506   0             22810202506202          30/06/2025999999999      Касови продажби                                   Стоки                                 1838.42         367.68        1838.42         367.68           0.00           0.00           0.00           0.00           0.00           0.00           0.00           0.00           0.00           0.00           0.00           0.00           0.00  
BG202210896    202506   0             23011000000253          30/06/2025176455140      БЪЛГАРСКИ МУЗЕИ Сдружение                         Стоки                                 1531.67         306.33        1531.67         306.33           0.00           0.00           0.00           0.00           0.00           0.00           0.00           0.00           0.00           0.00           0.00           0.00           0.00  
