BG201956793    202509   0              1010000001920          03/09/2025BG121871118    ТИЛКОМ ООД                                        Продукция                             4350.00         870.00        4350.00         870.00           0.00           0.00           0.00           0.00           0.00           0.00           0.00           0.00           0.00           0.00           0.00           0.00           0.00  
BG201956793    202509   0              2010000001921          03/09/2025BG206656312    БЕЛМИРА ИНВЕСТ ЕООД                               Продукция                             8062.00        1612.40        8062.00        1612.40           0.00           0.00           0.00           0.00           0.00           0.00           0.00           0.00           0.00           0.00           0.00           0.00           0.00  
BG201956793    202509   0              3010000001922          03/09/2025BG121871118    ТИЛКОМ ООД                                        Продукция                            11904.00        2380.80       11904.00        2380.80           0.00           0.00           0.00           0.00           0.00           0.00           0.00           0.00           0.00           0.00           0.00           0.00           0.00  
BG201956793    202509   0              4010000001923          03/09/2025BG206044856    АТЛАС  - МЕТАЛ ЕООД                               Аванс                                    0.00           0.00           0.00           0.00           0.00           0.00           0.00           0.00           0.00           0.00           0.00           0.00           0.00           0.00           0.00           0.00           0.00  
BG201956793    202509   0              5010000001924          03/09/2025BG200712462    ИДЕА СЕРВИЗ ЕООД                                  Продукция                              100.00          20.00         100.00          20.00           0.00           0.00           0.00           0.00           0.00           0.00           0.00           0.00           0.00           0.00           0.00           0.00           0.00  
BG201956793    202509   0              6010000001925          03/09/2025BG203037130    РР КОМЕРС - 94 ЕООД                               Аванс                                 8333.33        1666.67        8333.33        1666.67           0.00           0.00           0.00           0.00           0.00           0.00           0.00           0.00           0.00           0.00           0.00           0.00           0.00  
BG201956793    202509   0              7010000001926          03/09/2025205829551      ИВАЕЛИ ЕООД                                       Продукция                              520.00         104.00         520.00         104.00           0.00           0.00           0.00           0.00           0.00           0.00           0.00           0.00           0.00           0.00           0.00           0.00           0.00  
BG201956793    202509   0              8010000001927          03/09/2025BG206770440    ДИ КЕЙ СТРОЙ ЕООД                                 Аванс                                 1666.67         333.33        1666.67         333.33           0.00           0.00           0.00           0.00           0.00           0.00           0.00           0.00           0.00           0.00           0.00           0.00           0.00  
BG201956793    202509   0              9010000001928          09/09/2025BG202854574    ИНТЕР ПАУЪР ООД                                   Продукция                             1842.00         368.40        1842.00         368.40           0.00           0.00           0.00           0.00           0.00           0.00           0.00           0.00           0.00           0.00           0.00           0.00           0.00  
BG201956793    202509   0             10010000001929          11/09/2025BG203221988    ТРИБИ ЕООД                                        Продукция                             3502.00         700.40        3502.00         700.40           0.00           0.00           0.00           0.00           0.00           0.00           0.00           0.00           0.00           0.00           0.00           0.00           0.00  
BG201956793    202509   0             11010000001930          12/09/2025BG207676182    ПОНТОС - 91 ООД                                   Продукция                              714.00         142.80         714.00         142.80           0.00           0.00           0.00           0.00           0.00           0.00           0.00           0.00           0.00           0.00           0.00           0.00           0.00  
BG201956793    202509   0             12010000001931          16/09/2025BG831099141    МИНИ СТРОЙ ЕООД                                   Продукция                             1971.00         394.20        1971.00         394.20           0.00           0.00           0.00           0.00           0.00           0.00           0.00           0.00           0.00           0.00           0.00           0.00           0.00  
BG201956793    202509   0             13010000001932          16/09/2025BG204958881    ОКОЛ ПРОПЪРТИ ЕООД                                Продукция                             1135.00         227.00        1135.00         227.00           0.00           0.00           0.00           0.00           0.00           0.00           0.00           0.00           0.00           0.00           0.00           0.00           0.00  
BG201956793    202509   0             14010000001933          17/09/2025BG109514464    СТРОЙКОМЕРС ЕООД                                  Продукция                             1170.00         234.00        1170.00         234.00           0.00           0.00           0.00           0.00           0.00           0.00           0.00           0.00           0.00           0.00           0.00           0.00           0.00  
BG201956793    202509   0             15010000001934          17/09/2025BG203716206    МАКС ТРЕЙД БГ 1 ЕООД                              Продукция                            12500.00        2500.00       12500.00        2500.00           0.00           0.00           0.00           0.00           0.00           0.00           0.00           0.00           0.00           0.00           0.00           0.00           0.00  
BG201956793    202509   0             16010000001935          24/09/2025BG206044856    АТЛАС  - МЕТАЛ ЕООД                               Продукция                             9210.00        1842.00        9210.00        1842.00           0.00           0.00           0.00           0.00           0.00           0.00           0.00           0.00           0.00           0.00           0.00           0.00           0.00  
BG201956793    202509   0             17010000001936          24/09/2025BG206044856    АТЛАС  - МЕТАЛ ЕООД                               Продукция                                0.00           0.00           0.00           0.00           0.00           0.00           0.00           0.00           0.00           0.00           0.00           0.00           0.00           0.00           0.00           0.00           0.00  
BG201956793    202509   0             18010000001937          24/09/2025BG201915056    БУЛТРЕЙД ГРУП 2012 ЕООД                           Аванс                                 1612.50         322.50        1612.50         322.50           0.00           0.00           0.00           0.00           0.00           0.00           0.00           0.00           0.00           0.00           0.00           0.00           0.00  
BG201956793    202509   0             19010000001938          25/09/2025BG131452983    ЕКСЕЛ СИСТЕМС ООД                                 Продукция                             1000.00         200.00        1000.00         200.00           0.00           0.00           0.00           0.00           0.00           0.00           0.00           0.00           0.00           0.00           0.00           0.00           0.00  
